03					118	258																	86		240
03					120	264																	81		240
00					112	280																	79		252
00					106	290																	74		254
04					096	302																	71		260
08					083	308																	67		260
09					073	306																	64		254
04					070	306																	67		258
06					068	302																	65		252
09					072	296																	70		254
06					083	284																	75		250
03					089	282																	78		252
00					102	250																	92		240
00					109	267																	84		246
00					115	256																	85		238
00					117	254																	87		238
02					113	252																	87		236
03					090	250																	88		236
03					094	248																	90		236
00					095	242																	90		230
00					098	238																	91		228
03					099	230																	90		218
02					100	230																	90		218
00					116	236																	88		222
05					128	246																	93		238
05					128	262																	78		234
02					128	268																	74		234
03					118	294																	65		244
07					109	312																	65		260
06					098	332																	52		254
09					089	340																	52		262
07					083	334																	48		248
09					079	342																	48		256
09					086	330																	50		250
08					091	312																	61		254
06					099	302																	60		244
04					103	292																	69		248
00					109	284																	69		242
03					114	272																	77		242
00					115	264																	80		238
02					116	260																	78		232
00					115	256																	81		232
00					113	254																	84		234
00					112	252																	85		234
00					111	250																	85		232
00					112	250																	85		232
03					117	250																	84		230
00					128	258																	81		234
00					128	272																	77		242
02					123	290																	68		246
05					118	304																	67		256
08					111	316																	65		264
11					103	312																	67		264
13					098	312																	66		262
09					092	282																	85		262
07					099	262																	89		248
06					104	260																	89		246
02					112	256																	90		244
00					119	254																	93		246
03					122	254																	92		244
00					123	252																	95		246
00					127	252																	93		244
00					128	252																	95		246
00					120	250																	93		242
00					112	248																	95		242
02					109	248																	93		240
00					108	246																	95		240
00					107	245																	96		240
00					106	245																	94		238
00					109	244																	95		238
03					117	260																	87		244
02					118	266																	86		248
02					117	280																	79		252
03					109	288																	75		254
05					104	300																	69		256
10					095	310																	68		264
12					087	312																	66		262
14					079	312																	66		262
09					079	312																	67		264
12					087	298																	70		256
11					095	286																	76		254
10					100	280																	80		254
04					104	276																	83		254
04					111	272																	84		252
02					115	266																	83		244
00					116	264																	86		246
00					115	262																	87		246
00					110	256																	87		240
00					102	256																	87		240
00					100	250																	90		238
00					104	246																	92		236
00					108	244																	92		234
00					113	244																	90		232
00					126	256																	89		242
00					125	262																	89		248
08					120	276																	80		250
08					114	308																	68		262
14					109	292																	67		246
18					098	296																	68		250
14					091	286																	74		250
14					091	282																	75		248
08					093	280																	75		246
10					101	274																	77		244
03					106	272																	77		242
00					109	268																	81		244
03					113	264																	84		244
02					115	262																	86		244
02					114	256																	92		246
00					109	254																	92		244
00					104	252																	90		240
02					103	248																	90		236
00					103	246																	90		234
00					103	244																	93		236
02					104	244																	92		234
00					108	244																	93		236
00					118	242																	93		234
02					124	250																	88		236
04					133	248																	90		236
04					125	256																	85		238
06					114	280																	72		242
04					103	286																	71		246
06					089	300																	64		248
08					079	310																	62		254
08					073	310																	60		250
09					075	312																	59		250
12					085	294																	65		244
08					092	286																	68		242
07					101	280																	71		240
04					107	280																	71		240
03					112	274																	76		242
00					109	266																	83		244
00					108	262																	81		238
03					106	260																	83		238
00					097	256																	87		240
00					096	248																	90		236
02					093	242																	92		232
03					097	238																	90		226
00					102	240																	91		230
02					115	240																	91		230
04					121	246																	93		238
05					124	258																	86		240
07					122	270																	76		238
08					116	278																	75		244
10					111	286																	71		246
10					103	288																	71		248
07					095	292																	67		246
12					093	298																	64		246
08					094	278																	70		238
09					102	266																	83		245
00					111	260																	86		242
00					116	255																	91		244
00					115	254																	92		244
00					118	248																	90		236
00					118	246																	92		236
00					119	244																	92		234
00					117	242																	93		234
00					114	240																	91		230
00					113	238																	91		228
00					114	238																	93		230
00					115	236																	93		228
00					120	238																	93		230
00					125	236																	93		228
00					130	244																	90		232
00					130	260																	81		236
04					127	288																	72		250
11					127	250																	88		236
04					118	248																	88		234
04					107	250																	90		238
04					102	262																	80		236
02					096	264																	83		242
02					096	272																	80		246
08					103	268																	83		246
09					105	264																	86		246
00					109	262																	86		244
00					113	260																	89		246
04					119	258																	87		242
00					120	256																	89		242
00					124	254																	90		242
00					123	248																	93		240
00					118	244																	93		236
02					116	244																	93		236
00					117	242																	93		234
00					119	242																	93		234
00					121	242																	95		236
00					127	242																	95		236
00					140	250																	90		238
03					135	260																	83		238
05					134	270																	77		240
11					133	248																	90		236
08					116	288																	70		246
05					111	288																	71		248
08					103	304																	66		254
12					095	300																	65		250
09					097	298																	66		250
08					101	292																	67		246
06					105	280																	72		242
05					114	274																	74		240
00					119	270																	81		246
00					127	264																	80		238
02					127	258																	87		242
00					126	254																	85		236
00					124	252																	85		234
00					119	250																	87		234
04					115	246																	93		238
00					107	242																	97		238
00					110	240																	97		236
00					114	240																	95		234
00					121	248																	88		234
00					134	244																	95		238
00					137	244																	95		238
11					138	234																	93		226
06					136	238																	93		230
05					134	244																	90		232
05					126	252																	87		236
02					116	254																	87		238
04					107	266																	78		238
00					108	264																	83		242
00					114	264																	83		242
00					123	262																	87		246
02					125	254																	90		242
02					126	250																	93		242
00					128	248																	93		240
00					126	244																	95		238
02					123	242																	93		234
01					123	238																	93		230
00					121	236																	95		230
00					119	234																	95		228
00					117	232																	95		226
01					120	232																	93		224
02					123	230																	93		222
02					128	228																	93		220
00					140	238																	91		228
00					135	248																	85		230
03					134	260																	79		234
00					126	272																	73		236
00					116	284																	65		236
06					106	304																	62		248
05					098	304																	63		250
10					089	304																	63		250
08					095	288																	68		244
04					101	282																	73		246
00					114	266																	84		246
03					122	264																	84		244
00					125	260																	89		246
00					133	258																	89		244
00					134	256																	90		244
00					132	254																	92		244
00					126	252																	92		242
00					116	248																	92		238
00					111	246																	93		238
00					112	242																	93		234
00					113	240																	93		232
00					118	238																	91		228
02					126	238																	93		230
00					139	252																	84		232
03					137	278																	76		246
03					133	300																	65		250
07					119	312																	65		260
07					109	310																	60		250
06					093	318																	63		262
12					085	310																	62		254
12					081	304																	68		258
14					082	292																	73		254
10					086	288																	72		250
08					093	286																	72		248
07					103	284																	74		248
08					114	276																	80		250
02					117	276																	82		252
00					121	266																	83		244
00					124	264																	83		242
00					121	260																	86		242
00					111	258																	89		244
00					110	256																	89		242
00					109	254																	87		238
00					109	250																	90		238
00					113	248																	88		234
00					121	246																	90		234
02					137	263																	83		242
03					136	282																	75		248
03					127	304																	64		252
04					119	318																	61		258
08					111	318																	56		250
10					102	320																	56		252
13					094	318																	63		262
14					084	310																	64		256
09					086	292																	71		252
08					089	292																	71		252
10					101	286																	72		248
05					111	278																	76		246
03					120	282																	75		248
03					127	276																	80		250
05					129	272																	80		246
04					129	264																	86		246
04					127	262																	86		244
00					118	258																	87		242
00					110	256																	87		240
00					109	252																	90		240
00					116	252																	90		240
00					119	252																	90		240
00					124	250																	87		234
02					133	260																	86		242
02					132	280																	76		248
02					132	292																	73		254
05					127	310																	66		260
11					119	308																	67		260
08					102	322																	63		266
10					092	322																	62		264
15					085	324																	62		266
14					089	300																	69		256
12					097	298																	72		258
13					104	288																	76		256
07					107	284																	78		254
06					118	282																	78		252
02					125	278																	82		254
03					132	270																	84		250
02					130	262																	86		244
00					126	262																	87		246
00					117	256																	89		242
00					115	256																	89		242
00					111	254																	89		241
00					113	252																	90		240
00					117	252																	90		240
00					125	248																	93		240
02					140	268																	80		242
03					135	288																	74		252
09					135	282																	78		252
11					130	292																	74		256
12					121	304																	69		260
11					112	298																	70		256
08					099	320																	58		256
05					089	322																	60		260
00					087	318																	61		258
11					094	304																	64		252
10					099	288																	71		248
09					107	282																	78		252
03					113	276																	74		242
06					120	272																	74		238
00					128	268																	78		240
02					130	266																	80		240
01					124	260																	86		242
00					117	256																	87		240
01					110	250																	87		234
01					113	248																	90		236
00					112	246																	88		232
00					111	250																	87		234
02					118	250																	87		234
04					138	260																	87		244
02					139	282																	78		252
02					135	292																	74		256
08					126	306																	66		256
09					116	320																	61		260
11					108	318																	62		260
04					095	326																	55		256
06					087	342																	49		258
10					086	326																	60		264
08					091	314																	63		258
03					100	294																	71		254
02					107	288																	75		254
00					113	286																	75		252
02					115	280																	76		248
03					120	274																	79		246
00					118	270																	81		246
00					113	258																	92		248
00					108	258																	92		248
00					100	250																	88		236
02					100	248																	87		232
00					099	242																	92		232
00					105	240																	91		230
00					113	240																	91		230
00					128	254																	85		236
03					130	280																	73		244
04					128	294																	67		248
07					122	306																	62		250
09					111	322																	56		254
14					104	306																	67		258
13					095	310																	64		256
12					086	306																	64		254
09					087	303																	70		260
09					092	288																	74		252
09					101	284																	74		248
09					109	278																	77		248
07					115	278																	85		258
05					122	274																	79		246
00					129	272																	83		250
00					128	268																	84		248
00					123	264																	87		248
00					118	262																	87		246
00					114	258																	89		244
03					112	258																	89		244
04					106	256																	92		246
00					103	254																	89		240
00					120	250																	88		236
03					136	250																	90		238
00					137	256																	87		240
00					134	274																	79		246
06					128	298																	64		246
07					123	302																	64		250
07					112	312																	65		260
12					106	312																	65		260
12					099	288																	70		246
10					100	272																	77		242
08					109	264																	83		242
10					115	260																	84		240
06					131	250																	87		234
05					135	250																	90		238
04					142	246																	93		238
03					143	248																	93		240
00					146	246																	93		238
03					141	244																	93		236
03					136	244																	93		236
00					132	242																	93		234
00					130	242																	93		234
00					122	240																	95		234
00					125	240																	95		234
02					127	238																	95		232
02					144	254																	89		240
02					145	266																	83		244
03					142	282																	71		242
08					139	304																	67		256
12					132	312																	62		256
11					122	300																	65		250
08					119	282																	78		252
02					114	278																	80		252
03					113	272																	87		256
07					120	274																	82		250
07					138	242																	95		236
03					147	240																	95		234
03					153	288																	59		230
02					151	246																	95		240
00					154	234																	97		230
00					153	234																	93		226
00					152	234																	97		230
02					148	234																	97		230
00					148	234																	97		230
02					146	232																	96		228
00					148	232																	95		226
00					151	232																	95		226
04					154	230																	96		226
00					167	242																	88		228
00					169	244																	90		232
00					163	252																	89		238
02					157	268																	78		240
05					148	278																	76		246
04					138	284																	75		250
08					130	292																	82		268
11					120	292																	65		242
08					118	292																	67		246
09					123	286																	74		250
08					137	270																	80		244
04					141	266																	81		242
05					148	262																	84		242
03					157	260																	84		240
00					165	254																	92		244
00					166	252																	92		242
00					161	250																	93		242
00					154	250																	92		240
02					151	250																	92		240
00					148	250																	93		242
00					150	248																	93		240
02					152	246																	93		238
00					154	234																	91		224
00					167	252																	82		230
03					170	276																	73		240
00					166	292																	67		246
04					160	306																	64		254
09					154	306																	63		252
12					148	310																	60		250
16					134	318																	58		254
15					125	312																	60		252
14					124	302																	65		252
11					127	298																	65		248
10					134	282																	71		242
08					146	272																	80		246
04					150	268																	81		244
03					159	266																	81		242
00					165	258																	84		238
00					163	252																	84		232
00					161	250																	84		230
00					158	250																	84		230
03					154	246																	88		232
00					148	246																	87		230
00					144	246																	88		232
00					145	244																	92		234
00					151	244																	92		234
08					160	258																	86		240
05					161	274																	79		246
02					159	286																	70		244
08					155	298																	65		248
10					145	312																	62		256
14					133	322																	60		260
14					126	314																	61		256
14					122	308																	62		252
14					122	288																	74		252
16					131	258																	82		236
09					143	254																	82		232
05					153	256																	79		230
03					162	254																	81		230
00					170	242																	92		232
00					173	238																	93		230
04					169	234																	95		228
04					163	236																	93		228
03					152	238																	90		226
00					145	236																	90		224
02					137	236																	90		224
02					136	232																	90		220
00					136	234																	88		220
00					143	236																	88		222
02					152	242																	82		220
00					150	266																	74		232
00					144	283																	70		242
05					140	300																	65		250
10					131	310																	61		252
13					120	316																	56		248
12					113	318																	57		252
13					104	314																	59		252
14					100	306																	62		250
13					107	300																	64		248
11					113	286																	68		242
07					125	276																	73		240
05					133	272																	74		238
02					140	270																	77		240
00					142	264																	80		238
04					145	256																	82		234
00					146	252																	82		230
00					135	250																	84		230
02					133	250																	84		230
00					133	246																	87		230
00					134	240																	90		228
00					134	238																	90		226
04					137	236																	91		226
02					152	252																	85		234
02					155	262																	81		238
02					150	274																	76		242
02					144	284																	72		246
05					135	294																	69		250
06					125	308																	67		260
08					115	316																	65		264
09					109	320																	58		256
14					108	308																	60		248
10					111	300																	63		246
09					117	284																	72		246
06					130	276																	79		248
03					139	270																	81		246
03					146	262																	84		242
00					152	258																	81		234
00					152	256																	82		234
00					142	254																	84		234
00					139	252																	85		233
00					138	250																	85		232
00					136	248																	84		228
00					133	244																	85		226
00					133	240																	88		226
00					134	238																	88		224
00					147	254																	84		234
00					148	268																	80		242
03					144	284																	71		244
00					135	302																	67		254
06					127	320																	55		250
08					120	326																	57		258
13					111	326																	55		256
13					104	320																	58		256
13					101	316																	56		248
13					110	298																	68		252
11					120	288																	70		246
05					126	278																	79		250
07					135	276																	80		250
06					140	270																	80		244
04					144	266																	78		238
02					141	260																	87		244
02					135	258																	87		242
02					127	254																	89		240
02					126	252																	89		238
00					121	254																	89		240
03					123	252																	92		242
02					127	248																	92		238
03					133	246																	92		236
03					146	282																	76		250
03					141	296																	70		254
10					137	310																	60		250
12					124	314																	60		254
14					115	316																	60		256
15					106	312																	59		250
19					099	312																	58		248
15					098	304																	59		244
13					105	290																	67		244
12					109	280																	73		244
04					117	276																	73		240
05					124	274																	76		242
02					133	270																	77		240
07					140	260																	86		242
03					141	262																	83		240
00					130	256																	87		240
02					130	252																	89		238
00					126	248																	92		238
00					125	246																	93		238
00					124	246																	92		236
02					126	244																	92		234
00					129	242																	92		232
00					135	254																	84		234
05					133	276																	76		244
06					127	290																	70		248
07					116	304																	66		254
07					104	322																	60		260
11					094	322																	56		254
14					088	320																	57		253
13					080	324																	56		256
15					086	300																	63		246
17					087	297																	63		244
10					099	286																	71		246
08					107	278																	76		246
06					114	276																	79		248
04					119	274																	80		248
06					120	272																	80		246
04					118	266																	83		244
02					116	260																	83		238
02					112	254																	84		234
00					106	254																	85		236
00					106	246																	87		230
00					108	242																	88		228
02					109	242																	88		228
02					114	238																	90		226
00					121	259																	83		238
03					120	272																	77		242
00					119	290																	67		244
00					112	298																	65		248
10					103	320																	62		262
13					096	322																	60		260
15					087	318																	63		262
15					079	306																	67		258
16					082	308																	68		262
10					088	290																	72		252
10					097	286																	74		250
04					107	280																	66		234
04					117	274																	76		242
05					124	272																	76		240
05					125	264																	83		242
02					126	260																	81		236
00					121	256																	84		236
00					102	254																	85		236
03					105	250																	88		236
00					107	250																	88		236
00					108	250																	88		236
00					111	250																	88		236
00					114	246																	90		234
02					119	262																	83		240
04					124	286																	71		246
03					125	296																	66		248
07					118	312																	59		250
08					109	304																	66		254
10					097	320																	64		266
17					097	310																	67		262
18					102	268																	75		236
03					111	262																	78		234
07					114	264																	75		232
05					114	258																	84		238
04					120	254																	85		236
03					126	252																	87		236
00					134	252																	89		238
00					133	250																	90		238
00					132	250																	88		236
00					129	248																	90		236
00					125	248																	85		230
03					120	243																	88		229
00					116	238																	90		226
00					113	232																	88		218
00					118	229																	90		218
00					125	222																	91		212
02					139	246																	82		224
04					140	274																	70		234
03					135	300																	63		246
09					131	316																	55		246
10					121	322																	55		252
13					112	324																	55		254
13					102	322																	54		250
14					093	326																	53		252
10					095	318																	57		252
12					101	306																	60		246
06					110	294																	61		238
07					120	292																	63		240
02					127	282																	68		238
06					134	280																	73		244
00					137	273																	75		240
03					139	266																	77		236
02					137	264																	77		234
01					134	262																	77		232
02					125	250																	85		232
00					124	250																	87		234
00					123	248																	87		232
00					122	246																	88		232
02					123	246																	88		232
03					132	268																	77		238
02					137	288																	66		240
00					135	306																	61		248
05					128	320																	55		250
10					119	328																	52		252
13					108	320																	57		254
15					099	322																	56		254
13					095	316																	60		256
16					097	306																	69		262
14					102	288																	74		252
07					111	278																	73		242
07					119	274																	73		238
05					129	268																	80		242
04					136	270																	77		240
00					139	264																	84		244
02					141	260																	84		240
03					137	254																	85		236
04					133	244																	90		232
00					122	242																	92		232
00					116	240																	91		230
03					123	240																	90		228
03					128	232																	90		220
00					127	230																	91		220
04					143	258																	78		230
05					143	266																	78		238
04					141	300																	64		248
06					133	324																	53		250
07					122	336																	51		256
15					116	328																	58		262
15					106	324																	60		262
16					101	304																	64		252
13					102	300																	65		250
13					112	290																	70		248
04					123	254																	89		240
08					132	258																	84		238
06					139	262																	81		238
02					148	260																	84		240
00					152	254																	90		242
00					148	254																	89		240
00					143	250																	92		240
00					138	246																	90		234
03					133	244																	92		234
00					132	240																	93		232
00					132	238																	91		228
00					131	234																	93		226
02					135	232																	91		222
00					139	232																	91		222
02					149	254																	82		232
03					151	274																	73		238
03					144	298																	63		245
07					137	314																	59		252
08					130	326																	53		252
16					122	326																	59		262
15					116	308																	61		250
18					108	296																	64		244
19					110	284																	69		242
09					119	274																	73		238
07					126	270																	73		234
07					139	268																	73		232
06					152	252																	85		234
05					159	250																	90		238
04					162	248																	92		238
03					161	246																	92		236
00					153	246																	93		238
00					144	244																	93		236
00					143	244																	93		236
00					143	244																	93		236
00					144	244																	95		238
00					145	244																	94		237
00					151	244																	92		235
00					161	250																	88		236
02					160	268																	83		246
02					156	284																	75		250
03					152	300																	68		254
11					143	308																	59		246
14					139	304																	58		242
16					133	298																	64		246
15					129	276																	76		244
09					130	272																	76		240
08					131	272																	76		240
03					138	270																	78		242
02					145	262																	86		244
00					149	256																	89		242
03					157	250																	92		240
00					154	245																	92		236
00					153	242																	95		236
00					146	234																	91		224
00					142	228																	95		222
00					140	232																	90		220
00					136	226																	93		218
00					137	223																	94		216
03					139	223																	94		216
00					144	226																	95		220
00					154	240																	91		230
00					162	244																	92		234
00					158	266																	75		234
09					156	272																	79		244
03					154	248																	90		236
05					144	264																	83		242
04					131	260																	84		240
05					120	262																	83		240
07					120	266																	81		242
04					127	256																	85		238
02					130	254																	89		240
03					136	250																	90		238
02					148	248																	92		238
02					154	246																	93		238
00					154	240																	93		232
00					156	242																	90		230
03					154	234																	95		228
02					147	236																	93		228
02					140	236																	93		228
02					135	234																	95		228
02					133	234																	95		228
00					137	234																	95		228
03					142	232																	95		226
00					155	240																	98		238
02					157	248																	87		232
02					154	262																	83		240
00					148	280																	73		244
10					140	302																	63		248
06					130	302																	59		242
08					125	288																	67		242
11					117	296																	66		248
12					115	280																	75		246
13					113	276																	77		246
11					122	268																	80		242
07					128	266																	78		238
10					138	256																	82		234
00					152	252																	87		236
00					156	252																	90		240
00					154	246																	93		238
00					152	246																	92		236
00					142	244																	95		238
00					136	244																	92		234
00					134	242																	92		232
00					129	242																	90		230
00					132	238																	93		230
02					136	238																	93		230
02					145	244																	90		232
03					148	272																	76		240
02					145	292																	65		242
07					143	314																	53		242
12					136	316																	56		248
15					126	310																	60		250
14					116	305																	62		249
13					109	316																	59		254
10					106	308																	63		254
15					108	294																	65		244
07					114	278																	73		242
07					123	268																	83		246
05					131	266																	84		246
04					140	262																	86		244
03					144	258																	81		234
00					145	254																	84		234
00					143	250																	84		230
03					136	244																	87		228
00					130	242																	83		222
00					130	240																	85		222
00					129	236																	86		220
00					127	232																	86		216
00					132	238																	80		214
04					147	246																	85		228
03					148	280																	77		249
03					143	294																	65		244
07					138	310																	59		248
11					127	320																	54		248
14					115	332																	54		258
16					110	318																	56		250
13					107	298																	66		250
12					105	298																	68		252
12					106	294																	67		248
12					115	282																	73		246
09					124	280																	75		246
06					130	276																	77		246
03					137	276																	80		250
05					142	274																	80		248
02					143	266																	83		244
00					141	266																	83		244
00					136	258																	87		242
00					131	254																	89		240
00					130	252																	88		237
00					030	250																	88		236
00					130	248																	88		234
00					134	246																	90		234
02					149	254																	87		238
02					151	268																	80		242
04					148	292																	69		248
04					142	308																	65		256
05					133	316																	59		254
10					118	312																	64		258
13					112	324																	56		256
15					103	320																	57		254
11					102	312																	59		250
11					106	296																	68		250
10					112	286																	71		246
08					120	278																	77		248
03					131	274																	79		246
00					139	264																	87		248
04					144	256																	85		238
02					145	254																	90		242
02					137	246																	93		238
00					131	246																	93		238
00					133	246																	93		238
00					132	246																	93		238
00					133	244																	95		238
02					135	242																	95		236
00					138	242																	93		234
00					151	250																	88		236
03					152	264																	84		244
03					147	286																	76		254
02					138	302																	64		250
11					127	332																	55		260
10					117	306																	62		250
11					112	298																	65		248
11					108	296																	64		244
10					109	286																	72		248
05					111	286																	70		244
04					120	276																	77		246
00					127	270																	81		246
03					133	264																	87		248
04					143	252																	93		244
04					147	250																	92		240
02					142	250																	90		238
00					137	248																	92		238
02					129	246																	93		238
02					122	246																	93		238
00					118	246																	93		238
00					114	244																	93		236
02					122	246																	95		240
02					126	248																	90		236
00					139	250																	92		240
02					141	272																	80		246
05					144	250																	93		242
00					136	254																	92		244
02					126	270																	84		250
00					117	276																	80		250
06					109	292																	74		256
13					105	274																	77		244
07					106	268																	86		250
09					105	276																	77		246
08					113	264																	84		244
04					117	264																	84		244
03					124	250																	95		244
00					133	252																	95		246
00					138	248																	93		240
00					137	246																	93		238
00					132	246																	93		238
00					123	244																	93		236
00					116	242																	97		238
00					110	242																	95		236
00					111	242																	93		234
00					116	240																	97		236
00					120	236																	93		228
03					130	244																	90		232
06					132	268																	81		244
03					126	290																	68		246
05					120	308																	61		250
10					113	320																	55		250
17					102	316																	62		258
14					092	314																	61		256
18					092	294																	75		260
14					093	286																	78		256
09					107	246																	93		238
09					114	246																	90		234
03					124	240																	91		230
05					128	240																	91		230
03					136	242																	93		234
04					140	240																	93		232
03					137	240																	91		230
04					137	234																	95		228
03					132	234																	95		228
00					128	232																	95		226
00					127	232																	95		226
00					127	230																	96		226
03					128	232																	95		226
00					133	230																	96		226
02					142	242																	95		236
00					141	254																	87		238
00					138	262																	84		242
02					130	274																	77		244
06					121	284																	74		248
08					111	294																	73		256
10					102	300																	69		256
10					094	302																	65		252
11					089	302																	63		248
14					092	292																	66		244
06					105	276																	76		244
06					110	270																	77		240
08					118	270																	77		240
04					123	260																	84		240
04					128	258																	86		240
00					125	248																	88		234
00					123	246																	88		232
00					122	240																	89		227
00					111	236																	91		226
00					112	235																	92		226
00					113	234																	93		226
00					115	234																	93		226
02					119	232																	93		224
03					132	254																	82		232
02					134	276																	74		242
02					132	298																	65		248
07					127	306																	62		250
12					117	312																	62		256
14					108	310																	64		256
12					096	314																	64		260
12					090	306																	64		254
13					091	302																	65		252
13					094	298																	66		250
09					105	286																	72		248
09					115	270																	77		240
07					124	268																	80		242
00					134	266																	84		246
00					138	266																	83		245
02					134	264																	83		242
00					131	262																	86		244
00					125	260																	86		242
00					122	258																	86		240
00					120	254																	87		238
00					119	252																	87		236
00					120	250																	88		236
00					121	246																	92		236
02					133	254																	85		236
00					137	270																	77		240
03					136	282																	72		244
04					129	302																	65		252
07					122	306																	64		254
11					111	308																	65		256
13					102	322																	59		258
14					096	312																	61		254
14					096	294																	66		246
07					103	282																	71		242
08					123	264																	74		230
00					132	256																	87		240
05					140	250																	90		238
02					148	250																	88		236
00					149	248																	88		234
02					144	250																	88		236
00					138	248																	92		238
00					133	246																	95		240
03					128	246																	93		238
02					126	244																	93		236
02					129	242																	93		234
02					132	238																	95		232
03					135	236																	97		232
02					144	242																	90		230
04					147	256																	82		234
03					143	272																	76		240
02					139	290																	67		244
02					127	308																	60		248
10					115	316																	56		248
10					104	314																	61		256
17					101	310																	60		250
13					099	302																	62		246
13					103	300																	62		244
13					114	284																	75		250
08					116	278																	79		250
00					123	274																	82		250
00					129	270																	84		250
00					129	262																	89		248
00					127	258																	90		246
02					123	252																	93		244
02					118	252																	89		238
00					114	246																	93		238
02					112	240																	95		234
00					115	238																	91		228
00					119	232																	95		226
00					120	232																	93		224
02					131	254																	81		230
03					132	276																	70		236
02					127	294																	64		242
06					119	312																	60		252
10					109	322																	62		264
14					100	322																	62		264
12					093	312																	64		258
14					090	314																	63		258
12					089	304																	67		256
10					096	290																	75		256
04					104	282																	79		254
02					109	278																	82		254
03					120	272																	86		254
00					128	268																	87		252
00					130	258																	86		240
00					131	256																	87		240
00					123	252																	90		240
00					116	250																	92		240
04					110	244																	90		232
00					109	240																	91		230
00					107	238																	93		230
00					110	234																	93		226
00					113	234																	91		224
03					121	250																	85		232
04					127	262																	80		236
03					126	278																	75		244
02					122	296																	66		248
09					116	312																	59		250
07					104	312																	66		262
12					095	312																	64		258
13					091	306																	67		258
13					093	300																	69		256
12					100	288																	75		254
04					106	270																	84		250
00					108	272																	86		254
02					112	266																	84		246
05					116	258																	87		242
00					120	256																	84		236
00					123	254																	82		232
00					123	254																	82		232
00					112	252																	82		230
00					113	244																	87		228
00					113	242																	88		228
00					112	240																	88		226
00					112	240																	88		226
02					116	236																	90		224
02					124	254																	79		228
03					123	270																	74		236
02					123	294																	66		246
06					114	312																	57		246
10					110	322																	57		256
11					099	324																	54		252
13					092	324																	56		256
15					085	320																	60		258
14					082	314																	60		254
15					085	292																	73		254
09					097	282																	79		254
06					106	276																	82		252
03					113	272																	84		252
03					121	268																	84		248
03					126	262																	81		238
00					129	262																	81		238
00					127	258																	86		240
00					120	252																	84		232
00					113	252																	84		232
00					110	246																	88		232
00					112	240																	91		230
02					113	239																	92		230
00					117	236																	91		226
02					133	250																	84		230
00					141	262																	81		238
02					140	282																	76		250
02					134	298																	69		254
07					126	314																	61		256
16					113	320																	58		256
14					105	314																	57		248
17					098	314																	57		248
18					098	302																	59		242
14					103	290																	67		244
12					113	284																	69		242
10					115	276																	73		240
11					125	274																	76		242
06					134	272																	77		242
02					143	270																	80		244
03					145	264																	86		246
02					138	258																	84		238
00					131	256																	85		238
02					127	250																	88		236
00					122	248																	88		234
00					124	244																	88		230
00					122	238																	90		226
00					125	240																	88		226
00					139	250																	87		234
03					143	270																	77		240
00					139	286																	67		240
05					135	312																	55		244
10					125	318																	53		244
13					113	324																	53		250
14					106	326																	52		250
17					100	316																	57		250
14					100	300																	64		248
10					105	288																	71		248
12					118	270																	74		236
16					129	252																	84		232
05					140	240																	93		232
00					146	240																	93		232
00					149	240																	93		232
00					151	242																	95		236
00					146	240																	93		232
00					141	238																	95		232
00					135	236																	93		228
00					129	234																	93		226
00					130	232																	93		224
00					133	234																	95		228
00					138	232																	95		226
00					149	240																	93		232
03					153	248																	90		236
00					151	260																	84		240
00					145	274																	77		244
04					138	276																	76		244
04					128	286																	70		244
07					118	314																	58		250
06					112	314																	60		254
09					108	314																	57		248
10					112	308																	60		248
07					119	288																	64		238
09					128	276																	70		236
04					134	270																	78		242
03					140	264																	84		244
02					145	260																	83		238
00					146	252																	85		234
03					142	246																	84		226
00					136	242																	87		226
02					132	240																	85		222
00					130	240																	87		224
00					126	238																	88		224
00					124	238																	88		224
03					129	228																	86		212
00					144	245																	83		224
00					146	272																	76		240
02					140	296																	64		245
02					132	316																	57		250
05					117	340																	49		256
08					104	340																	49		256
10					095	338																	52		260
15					089	330																	56		260
13					089	308																	67		260
11					094	300																	70		258
10					100	296																	72		256
05					111	286																	79		258
04					117	284																	85		264
00					123	280																	83		258
03					130	276																	85		256
03					130	270																	81		246
00					125	266																	84		246
00					122	264																	84		244
00					120	258																	87		242
00					119	254																	87		238
00					117	248																	87		232
00					116	240																	87		224
02					115	238																	86		222
03					121	256																	75		224
02					129	276																	73		240
02					128	300																	67		252
02					119	320																	61		260
06					110	334																	55		262
08					104	324																	62		266
12					094	328																	57		260
12					092	308																	61		250
12					092	324																	59		260
11					096	310																	68		264
09					109	290																	71		250
04					117	284																	72		246
05					126	282																	76		250
03					136	276																	80		250
04					144	262																	78		234
03					142	256																	81		232
04					127	250																	84		230
03					119	248																	85		230
00					111	244																	88		230
00					112	240																	91		230
00					115	238																	90		226
00					117	234																	91		224
02					129	232																	90		220
00					143	244																	82		222
00					144	264																	74		230
03					138	302																	59		242
04					132	326																	50		246
09					122	324																	53		250
13					114	320																	61		260
13					105	332																	57		264
12					103	300																	67		252
09					101	298																	68		252
12					104	290																	65		240
07					111	286																	64		236
06					118	278																	70		238
05					124	276																	73		240
02					129	272																	77		242
02					132	268																	80		242
02					130	262																	86		244
00					130	258																	89		244
02					122	252																	90		240
00					119	248																	88		234
02					120	248																	87		232
02					122	246																	90		234
00					125	246																	88		232
00					126	244																	92		234
